v -0.0944445 0 0.561481
v -0.0918543 0 0.561882
v -0.0891031 0 0.562274
v -0.0861943 0 0.562656
v -0.0831315 0 0.563029
v -0.0799181 0 0.563389
v -0.0765578 0 0.563738
v -0.073054 0 0.564073
v -0.0694102 0 0.564393
v -0.0656301 0 0.564698
v -0.061717 0 0.564986
v -0.0576745 0 0.565257
v -0.0535062 0 0.565509
v -0.0492156 0 0.565741
v -0.0448061 0 0.565953
v -0.0402813 0 0.566142
v -0.0356448 0 0.566309
v -0.0309001 0 0.566452
v -0.0260506 0 0.56657
v -0.0210999 0 0.566663
v -0.0160516 0 0.566728
v -0.0109091 0 0.566765
v -0.00567597 0 0.566773
v -0.000355751 0 0.566751
v 0.00504806 0 0.566698
v 0.0105319 0 0.566613
v 0.0160923 0 0.566495
v 0.0217257 0 0.566342
v 0.0274286 0 0.566155
v 0.0331975 0 0.565931
v 0.0390288 0 0.565669
v 0.044919 0 0.565369
v 0.0508646 0 0.56503
v 0.0568621 0 0.56465
v 0.062908 0 0.564229
v 0.0689986 0 0.563765
v 0.0751306 0 0.563258
v 0.0813004 0 0.562706
v 0.0875044 0 0.562108
v 0.0937392 0 0.561464
v 0.100001 0 0.560772
v 0.106287 0 0.560032
v 0.112593 0 0.559241
v 0.118915 0 0.5584
v 0.125251 0 0.557507
v 0.131596 0 0.55656
v 0.137947 0 0.55556
v 0.144301 0 0.554505
v 0.150654 0 0.553394
v 0.157002 0 0.552226
v 0.163343 0 0.551
v 0.169671 0 0.549715
v 0.175985 0 0.548369
v 0.18228 0 0.546962
v 0.188553 0 0.545493
v 0.194801 0 0.543961
v 0.201019 0 0.542365
v 0.207205 0 0.540703
v 0.213354 0 0.538975
v 0.219464 0 0.537179
v 0.22553 0 0.535315
v 0.23155 0 0.533381
v 0.237519 0 0.531377
v 0.243435 0 0.529301
v 0.249293 0 0.527153
v 0.25509 0 0.524931
v 0.260823 0 0.522634
v 0.266488 0 0.520261
v 0.272082 0 0.517812
v 0.2776 0 0.515285
v 0.283041 0 0.512679
v 0.288399 0 0.509993
v 0.293671 0 0.507227
v 0.298855 0 0.504378
v 0.303946 0 0.501446
v 0.308941 0 0.498431
v 0.313836 0 0.49533
v 0.318629 0 0.492143
v 0.323314 0 0.488869
v 0.32789 0 0.485507
v 0.332351 0 0.482055
v 0.336696 0 0.478514
v 0.340919 0 0.474881
v 0.345019 0 0.471156
v 0.34899 0 0.467337
v 0.352831 0 0.463424
v 0.356536 0 0.459415
v 0.360103 0 0.455311
v 0.363528 0 0.451108
v 0.366808 0 0.446807
v 0.369939 0 0.442406
v 0.372917 0 0.437905
v 0.37574 0 0.433302
v 0.378403 0 0.428597
v 0.380903 0 0.423787
v 0.383236 0 0.418873
v 0.385399 0 0.413853
v 0.387389 0 0.408726
v 0.389201 0 0.403492
v 0.390833 0 0.398148
v 0.390833 0 0.398148
v 0.392282 0 0.392695
v 0.393549 0 0.387135
v 0.394636 0 0.38147
v 0.395545 0 0.375703
v 0.39628 0 0.369836
v 0.396841 0 0.363872
v 0.397231 0 0.357814
v 0.397453 0 0.351665
v 0.397509 0 0.345426
v 0.3974 0 0.339101
v 0.39713 0 0.332692
v 0.3967 0 0.326202
v 0.396112 0 0.319633
v 0.39537 0 0.312989
v 0.394474 0 0.30627
v 0.393428 0 0.299482
v 0.392233 0 0.292625
v 0.390891 0 0.285702
v 0.389406 0 0.278716
v 0.387779 0 0.271671
v 0.386012 0 0.264567
v 0.384108 0 0.257408
v 0.382069 0 0.250197
v 0.379896 0 0.242936
v 0.377594 0 0.235628
v 0.375162 0 0.228275
v 0.372605 0 0.22088
v 0.369923 0 0.213446
v 0.367119 0 0.205975
v 0.364197 0 0.19847
v 0.361156 0 0.190933
v 0.358001 0 0.183367
v 0.354733 0 0.175775
v 0.351354 0 0.168159
v 0.347866 0 0.160522
v 0.344273 0 0.152867
v 0.340575 0 0.145195
v 0.336776 0 0.137511
v 0.332877 0 0.129815
v 0.328881 0 0.122112
v 0.32479 0 0.114403
v 0.320606 0 0.106691
v 0.316332 0 0.0989796
v 0.311969 0 0.0912701
v 0.30752 0 0.0835657
v 0.302987 0 0.0758689
v 0.298372 0 0.0681823
v 0.293678 0 0.0605086
v 0.288907 0 0.0528503
v 0.284061 0 0.0452101
v 0.279142 0 0.0375906
v 0.274152 0 0.0299945
v 0.269094 0 0.0224242
v 0.26397 0 0.0148824
v 0.258782 0 0.00737184
v 0.253533 0 -0.000104957
v 0.248224 0 -0.00754543
v 0.242858 0 -0.0149469
v 0.237437 0 -0.0223068
v 0.231963 0 -0.0296225
v 0.226439 0 -0.0368913
v 0.220866 0 -0.0441107
v 0.215248 0 -0.0512781
v 0.209585 0 -0.0583908
v 0.203881 0 -0.0654462
v 0.198138 0 -0.0724417
v 0.192357 0 -0.0793747
v 0.186542 0 -0.0862426
v 0.180694 0 -0.0930428
v 0.174816 0 -0.0997726
v 0.168909 0 -0.10643
v 0.162976 0 -0.113011
v 0.15702 0 -0.119514
v 0.151042 0 -0.125936
v 0.145045 0 -0.132275
v 0.13903 0 -0.138528
v 0.133001 0 -0.144692
v 0.126959 0 -0.150765
v 0.120907 0 -0.156745
v 0.114847 0 -0.162627
v 0.10878 0 -0.168411
v 0.10271 0 -0.174093
v 0.0966388 0 -0.17967
v 0.0905681 0 -0.185141
v 0.0845003 0 -0.190502
v 0.0784377 0 -0.195751
v 0.0723826 0 -0.200885
v 0.0663371 0 -0.205902
v 0.0603034 0 -0.210799
v 0.0542839 0 -0.215573
v 0.0482808 0 -0.220222
v 0.0422962 0 -0.224743
v 0.0363324 0 -0.229134
v 0.0303916 0 -0.233392
v 0.0244761 0 -0.237514
v 0.0185881 0 -0.241497
v 0.0127298 0 -0.24534
v 0.00690336 0 -0.249039
v 0.00111111 0 -0.252593
v 0.00111111 0 -0.252593
v -0.00464499 0 -0.255998
v -0.010364 0 -0.259255
v -0.0160452 0 -0.262367
v -0.0216879 0 -0.265333
v -0.0272914 0 -0.268156
v -0.032855 0 -0.270837
v -0.0383779 0 -0.273376
v -0.0438596 0 -0.275775
v -0.0492992 0 -0.278036
v -0.0546961 0 -0.28016
v -0.0600495 0 -0.282148
v -0.0653589 0 -0.284
v -0.0706233 0 -0.28572
v -0.0758423 0 -0.287307
v -0.0810149 0 -0.288763
v -0.0861407 0 -0.29009
v -0.0912187 0 -0.291288
v -0.0962484 0 -0.292359
v -0.101229 0 -0.293304
v -0.10616 0 -0.294125
v -0.11104 0 -0.294822
v -0.11587 0 -0.295397
v -0.120647 0 -0.295851
v -0.125372 0 -0.296186
v -0.130043 0 -0.296403
v -0.13466 0 -0.296503
v -0.139223 0 -0.296487
v -0.143731 0 -0.296357
v -0.148182 0 -0.296113
v -0.152576 0 -0.295758
v -0.156913 0 -0.295292
v -0.161192 0 -0.294716
v -0.165412 0 -0.294033
v -0.169572 0 -0.293243
v -0.173671 0 -0.292347
v -0.17771 0 -0.291347
v -0.181687 0 -0.290244
v -0.185602 0 -0.289039
v -0.189453 0 -0.287734
v -0.193241 0 -0.28633
v -0.196964 0 -0.284828
v -0.200621 0 -0.283229
v -0.204213 0 -0.281535
v -0.207738 0 -0.279747
v -0.211196 0 -0.277866
v -0.214585 0 -0.275893
v -0.217906 0 -0.273831
v -0.221158 0 -0.271679
v -0.224339 0 -0.269439
v -0.227449 0 -0.267113
v -0.230488 0 -0.264702
v -0.233454 0 -0.262207
v -0.236347 0 -0.259629
v -0.239167 0 -0.25697
v -0.241912 0 -0.254231
v -0.244582 0 -0.251413
v -0.247176 0 -0.248517
v -0.249694 0 -0.245546
v -0.252134 0 -0.242499
v -0.254497 0 -0.239378
v -0.256781 0 -0.236185
v -0.258985 0 -0.232921
v -0.26111 0 -0.229586
v -0.263154 0 -0.226184
v -0.265116 0 -0.222713
v -0.266996 0 -0.219177
v -0.268793 0 -0.215576
v -0.270507 0 -0.211911
v -0.272136 0 -0.208184
v -0.27368 0 -0.204396
v -0.275139 0 -0.200548
v -0.276511 0 -0.196641
v -0.277797 0 -0.192678
v -0.278994 0 -0.188658
v -0.280103 0 -0.184584
v -0.281123 0 -0.180456
v -0.282052 0 -0.176276
v -0.282891 0 -0.172046
v -0.283639 0 -0.167766
v -0.284295 0 -0.163437
v -0.284858 0 -0.159061
v -0.285328 0 -0.15464
v -0.285703 0 -0.150174
v -0.285984 0 -0.145665
v -0.286169 0 -0.141114
v -0.286258 0 -0.136522
v -0.28625 0 -0.131891
v -0.286144 0 -0.127221
v -0.28594 0 -0.122515
v -0.285637 0 -0.117773
v -0.285234 0 -0.112997
v -0.28473 0 -0.108188
v -0.284125 0 -0.103347
v -0.283419 0 -0.0984752
v -0.28261 0 -0.0935743
v -0.281697 0 -0.0886454
v -0.280681 0 -0.0836899
v -0.27956 0 -0.0787089
v -0.278333 0 -0.0737037
v -0.278333 0 -0.0737037
v -0.277001 0 -0.0686755
v -0.275565 0 -0.0636253
v -0.274028 0 -0.0585537
v -0.272391 0 -0.0534615
v -0.270658 0 -0.0483495
v -0.26883 0 -0.0432186
v -0.26691 0 -0.0380694
v -0.264899 0 -0.0329029
v -0.262802 0 -0.0277196
v -0.260619 0 -0.0225205
v -0.258353 0 -0.0173063
v -0.256006 0 -0.0120778
v -0.253581 0 -0.00683575
v -0.25108 0 -0.00158096
v -0.248505 0 0.0036858
v -0.245859 0 0.00896374
v -0.243144 0 0.0142521
v -0.240362 0 0.0195501
v -0.237515 0 0.0248569
v -0.234607 0 0.0301717
v -0.231638 0 0.0354939
v -0.228612 0 0.0408225
v -0.225531 0 0.0461569
v -0.222397 0 0.0514962
v -0.219212 0 0.0568397
v -0.215979 0 0.0621865
v -0.2127 0 0.067536
v -0.209378 0 0.0728872
v -0.206014 0 0.0782395
v -0.202611 0 0.083592
v -0.199171 0 0.088944
v -0.195697 0 0.0942947
v -0.192191 0 0.0996433
v -0.188656 0 0.104989
v -0.185092 0 0.110331
v -0.181504 0 0.115669
v -0.177893 0 0.121001
v -0.174261 0 0.126328
v -0.170611 0 0.131647
v -0.166945 0 0.136959
v -0.163266 0 0.142263
v -0.159575 0 0.147558
v -0.155876 0 0.152843
v -0.15217 0 0.158117
v -0.148459 0 0.163379
v -0.144747 0 0.16863
v -0.141035 0 0.173867
v -0.137325 0 0.17909
v -0.133621 0 0.184299
v -0.129923 0 0.189493
v -0.126236 0 0.19467
v -0.12256 0 0.199831
v -0.118898 0 0.204974
v -0.115253 0 0.210098
v -0.111627 0 0.215203
v -0.108022 0 0.220288
v -0.10444 0 0.225352
v -0.100884 0 0.230395
v -0.0973561 0 0.235415
v -0.0938586 0 0.240412
v -0.0903939 0 0.245385
v -0.0869642 0 0.250333
v -0.0835719 0 0.255256
v -0.0802192 0 0.260152
v -0.0769084 0 0.265021
v -0.073642 0 0.269863
v -0.0704221 0 0.274676
v -0.0672512 0 0.279459
v -0.0641314 0 0.284212
v -0.0610652 0 0.288934
v -0.0580549 0 0.293625
v -0.0551027 0 0.298283
v -0.052211 0 0.302907
v -0.049382 0 0.307498
v -0.0466182 0 0.312053
v -0.0439218 0 0.316573
v -0.0412951 0 0.321057
v -0.0387405 0 0.325503
v -0.0362603 0 0.329911
v -0.0338567 0 0.334281
v -0.0315321 0 0.33861
v -0.0292887 0 0.3429
v -0.0271291 0 0.347148
v -0.0250553 0 0.351355
v -0.0230698 0 0.355518
v -0.0211748 0 0.359638
v -0.0193727 0 0.363714
v -0.0176658 0 0.367745
v -0.0160563 0 0.37173
v -0.0145467 0 0.375669
v -0.0131392 0 0.37956
v -0.0118362 0 0.383403
v -0.0106399 0 0.387197
v -0.0095526 0 0.390941
v -0.00857674 0 0.394635
v -0.00771457 0 0.398277
v -0.0069684 0 0.401868
v -0.00634055 0 0.405405
v -0.00583334 0 0.408889
v -0.00583334 0 0.408889
v -0.0054482 0 0.412319
v -0.0051831 0 0.415694
v -0.00503514 0 0.419017
v -0.00500142 0 0.422286
v -0.00507902 0 0.425503
v -0.00526504 0 0.428667
v -0.00555659 0 0.43178
v -0.00595075 0 0.434843
v -0.00644462 0 0.437854
v -0.00703529 0 0.440815
v -0.00771987 0 0.443727
v -0.00849544 0 0.44659
v -0.0093591 0 0.449403
v -0.0103079 0 0.452169
v -0.0113391 0 0.454887
v -0.0124496 0 0.457557
v -0.0136366 0 0.460181
v -0.0148971 0 0.462759
v -0.0162283 0 0.46529
v -0.0176273 0 0.467777
v -0.0190911 0 0.470218
v -0.0206169 0 0.472615
v -0.0222017 0 0.474968
v -0.0238427 0 0.477278
v -0.0255369 0 0.479544
v -0.0272814 0 0.481768
v -0.0290734 0 0.48395
v -0.0309099 0 0.486091
v -0.032788 0 0.48819
v -0.0347048 0 0.490249
v -0.0366574 0 0.492268
v -0.0386429 0 0.494247
v -0.0406584 0 0.496187
v -0.0427011 0 0.498088
v -0.0447679 0 0.499951
v -0.046856 0 0.501776
v -0.0489624 0 0.503564
v -0.0510844 0 0.505315
v -0.0532189 0 0.50703
v -0.0553631 0 0.508709
v -0.0575141 0 0.510352
v -0.0596689 0 0.511961
v -0.0618246 0 0.513536
v -0.0639784 0 0.515076
v -0.0661274 0 0.516583
v -0.0682686 0 0.518057
v -0.0703991 0 0.519498
v -0.0725161 0 0.520908
v -0.0746166 0 0.522286
v -0.0766977 0 0.523633
v -0.0787565 0 0.524949
v -0.0807901 0 0.526235
v -0.0827957 0 0.527491
v -0.0847702 0 0.528719
v -0.0867109 0 0.529917
v -0.0886147 0 0.531088
v -0.0904788 0 0.53223
v -0.0923003 0 0.533346
v -0.0940763 0 0.534434
v -0.0958039 0 0.535496
v -0.0974801 0 0.536533
v -0.0991021 0 0.537544
v -0.100667 0 0.53853
v -0.102172 0 0.539492
v -0.103614 0 0.54043
v -0.10499 0 0.541344
v -0.106297 0 0.542236
v -0.107533 0 0.543105
v -0.108694 0 0.543952
v -0.109777 0 0.544777
v -0.11078 0 0.545581
v -0.1117 0 0.546365
v -0.112534 0 0.547129
v -0.113279 0 0.547873
v -0.113931 0 0.548597
v -0.114489 0 0.549303
v -0.114949 0 0.549991
v -0.115308 0 0.550662
v -0.115564 0 0.551314
v -0.115713 0 0.551951
v -0.115753 0 0.55257
v -0.11568 0 0.553174
v -0.115492 0 0.553763
v -0.115186 0 0.554337
v -0.114759 0 0.554896
v -0.114208 0 0.555441
v -0.11353 0 0.555973
v -0.112723 0 0.556492
v -0.111782 0 0.556999
v -0.110706 0 0.557493
v -0.109492 0 0.557976
v -0.108137 0 0.558448
v -0.106637 0 0.558909
v -0.104989 0 0.559361
v -0.103192 0 0.559802
v -0.101242 0 0.560235
v -0.0991359 0 0.560658
v -0.0968711 0 0.561074
v -0.0944445 0 0.561481
